59 0.20838377950206083 0.01284230273567228 0.01484962161901789 0.13366412760978524 0.03872811495890881 0.025165396560937223 0.5663666668342906
36 0.27384862387504394 0.007050589251649821 0.02356549914871548 0.17616043359131692 0.053468532909637954 0.012957523002312893 0.4529487872791371
59 0.21824129067555256 0.028804094015685747 0.011243196931239874 0.45945894288860994 0.030597735175616536 0.011259969969885309 0.24039477015735192
10 0.09439865665234244 0.005289555694403056 0.0032585994110931665 0.808768311976557 0.016048360975028757 0.004219508938753785 0.06801700896934545
42 0.24009231269775655 0.013760936976947908 0.017707338027868953 0.413923216210925 0.15817048597200495 0.0072699338569068616 0.14907577797888336
36 0.1511658888759118 0.005844309289772448 0.006315111822363199 0.665406887645561 0.022780828444138906 0.006042226958728457 0.14244474809586963
10 0.17119410923103964 0.007583396654151578 0.0054461183965691575 0.6983291283431576 0.03549306402331204 0.003678214078518079 0.07827596950940338
10 0.10691721028315936 0.012566605513119111 0.008327006185052346 0.6318922511134628 0.08555783945902058 0.0040152301093350756 0.1507238610373954
48 0.10708367671664581 0.009271518178488673 0.00435894464153644 0.7622404849164686 0.017988663194914014 0.0031911531177188576 0.09586555778308609
10 0.20969634182399685 0.018150268625055057 0.006746615748892979 0.5299881060990396 0.02602890029214564 0.004867169533966748 0.2045225926105941
28 0.1534406861902827 0.00632582065059395 0.004501510379565439 0.6223084234297578 0.01930270237483322 0.005677830245468477 0.18844303234919696
10 0.3337306329498687 0.02724317631886092 0.011857488644882928 0.3450835178803128 0.037818765972393045 0.008652207731343783 0.23561420260785054
10 0.0423815209423163 5.4825800472502516e-05 0.008329091529638224 0.5611922583659783 0.16387519784166857 0.01655899658084408 0.20760811205675656
59 0.05059756154372338 3.200119171306515e-05 0.005195086498761702 0.6657232587377507 0.11072440787306836 0.011055744257640557 0.15667193822870573
10 0.030480794421534327 0.00016546570960523045 0.024648729047372763 0.5424163864575425 0.0938051929674722 0.019206345408952167 0.2892770826885108
36 0.0032613609364030047 4.158432404776494e-06 0.0022973775342206033 0.894157274200457 0.015342446948212487 0.010764038382169978 0.07417334930026305
10 0.015733626081842596 6.729929909643576e-05 0.008850067720654272 0.5941432035175781 0.06872750239502316 0.016511193655511902 0.2959671123782386
10 0.02876109903859811 0.00021946302894719692 0.019575152941536573 0.42017015889273224 0.17704885800981762 0.0358892974076847 0.3183359711120529
28 0.021670676755270717 7.65087708595899e-05 0.010450768000268387 0.5673321546859891 0.09425601906909711 0.015980330304323814 0.29023354052126654
42 0.01942606875403567 7.442400504612405e-05 0.010194507130045747 0.5946164433565226 0.07968542382826288 0.016937182349744586 0.2790659476821877
10 0.013738652622970108 9.985875314550194e-05 0.004031853265121063 0.8118329094309924 0.04593661636837498 0.008213460091376886 0.11614664876279622
48 0.018014132760078374 3.7290547504267106e-05 0.007871025212118726 0.6705706658916195 0.07005713917274825 0.013072778067846905 0.22037697059700265
10 0.06644967744758051 0.0004794770561362252 0.07352749256784502 0.012463945330761719 0.10562204204627669 0.006001844977177717 0.7354555206896064
36 0.1546372793392855 0.00039439824696457955 0.05686462863276929 0.1081623447058237 0.21699201546297406 0.006028974909927471 0.45692035157567085
10 0.07638217114608543 0.00015493342630138108 0.04981066069037428 0.09012004654059923 0.09489680691724194 0.010613325708830543 0.6780220566936763
59 0.06722615415817779 0.00010368659642128502 0.03964815987600161 0.18536663181833585 0.07807181004003177 0.006404614232360539 0.6231789404556857
48 0.06044738135078451 0.00016604111762829972 0.0518043566161094 0.0789995844241524 0.07677070600185629 0.005604739642213353 0.7262071732125466
42 0.02914641810703582 7.351345590996664e-06 0.025653968330428906 0.37674676729570494 0.03035789547485134 0.012589574132804822 0.5254980145039447
10 0.04489309701416451 0.0002286265533474298 0.0626384522110946 0.09749908551185407 0.11249737434904128 0.03471843011641701 0.6475249394901815
28 0.05316152381521635 0.00019291505433261167 0.0548540434840018 0.23091010828124856 0.09012255993744968 0.015799749927277472 0.554959111152705
10 0.04454901418277479 0.00012443938746885955 0.07160145326738884 0.20071618101341343 0.08634997176806582 0.1421867917881142 0.45447215400748253
10 0.06807536254723205 0.0001346351094574567 0.03513981732341165 0.09796297007029989 0.18896677420255728 0.00807080973508658 0.6016496283192486
10 0.05801452693940254 5.031086653153636e-05 0.003745847255706778 0.011152133446591496 0.03382240122523419 0.002068671919282022 0.8911461087331213
42 0.055355034954278 0.00010100799850968369 0.0009023760862612435 0.6565934212355767 0.010569200699706325 0.001142859936712413 0.2753360936044905
10 0.06981726524247277 0.00034903196235343574 0.0009509106798780458 0.35871374390648986 0.0251440309034495 0.0008544209517560072 0.5441705984106326
36 0.042100906694143264 0.0001304611122417197 0.0007468141513334433 0.8173564173352457 0.01024760079533836 0.0005321158607648791 0.1288856875919538
59 0.05881383349421267 4.153435698014545e-05 0.0006362906538031166 0.6004525882713958 0.007609390252123769 0.0010992217082376591 0.33134714550411326
10 0.15212090185776517 0.0002661973005817177 0.0025473430793860946 0.28621322020908835 0.03510584339677051 0.0027445373343550615 0.5210019520254334
48 0.12202776488709831 0.00023606105969460156 0.001111342323729125 0.43864776094610297 0.01387392481486954 0.0016111065689084934 0.42249203974506394
28 0.034832257057261645 8.347985830372449e-05 0.000744685061858428 0.7551593263136409 0.007727319780155381 0.0012003985910067133 0.20025253635492415
10 0.03744952409538682 0.00024245893826049838 0.0020071036349769865 0.06597168306053179 0.03942418408110118 0.0013315483592591512 0.8535734963268069
10 0.08228514697509805 0.00158402015594074 0.0022829570689942573 0.04494476942896564 0.03562424011886615 0.001973678201970956 0.831305183733341
28 0.21761462316723193 0.00041190011744161664 0.07797036552107295 0.25741460104072766 0.17604293609411584 0.13406459455629544 0.13648097749488436
48 0.1260926192599405 0.00018789335690494617 0.06392932762436306 0.48752605186221376 0.10356489186033159 0.08841031130113818 0.13028890263368154
42 0.16866595054853917 0.00034941223779616303 0.10421715207859554 0.36994630540367157 0.17108441998105192 0.09297681106469063 0.09275994086294012
10 0.15030494216512394 0.00021512328201445205 0.3016049667114169 0.055440752278490504 0.24257936589460782 0.04384290914773793 0.20601194067995157
59 0.1273383333608791 0.00025569614178385866 0.17540175598480182 0.1729459353484265 0.2581406994515399 0.04700219840434738 0.21891537917594908
10 0.12743004093794666 0.00011916345555454771 0.15325475626224228 0.22361279428652367 0.21591176521313232 0.060217908096950774 0.21945356715000516
10 0.12177935034093242 9.570345549952184e-05 0.17312807368066535 0.16896566951316278 0.25587011224789563 0.03713927207194718 0.24302182250352372
10 0.1754265372364054 0.0002834743698990816 0.19665240924518973 0.1219804967501871 0.274956706172508 0.05929399086790999 0.17140638311900064
36 0.14442135511086276 0.00017882893106674683 0.09535063699248185 0.4325814950236251 0.1359453163870612 0.05475769759215568 0.1367646666324765
10 0.20438591580170962 0.00011439317914162067 0.15050414302572915 0.21681837740023477 0.24314555479559122 0.033157161607056736 0.15187445302752883
48 0.04228188193552142 1.4509057187290022e-05 0.0021396545636994686 0.7785620235010803 0.011697648442839551 0.0012807830813829696 0.16402349164841934
10 0.10141267795616382 0.000217209474849015 0.004083227198903751 0.5013927902803945 0.09087920383489184 0.002063471347043411 0.2999514188088898
36 0.04983152254465902 0.000195678648845361 0.005217149119125869 0.6564250954726809 0.06771047795638055 0.0037790491522167085 0.21684102544199307
28 0.03458987624314206 0.001453014254572536 0.003188966877484871 0.7867002805041732 0.016866911359591997 0.000983815378271379 0.15621713520080344
10 0.066115362836783 0.00017182632936131026 0.01521132942950139 0.5091837369395958 0.057697482866933686 0.0011298004260895259 0.3504904577389404
59 0.04877381998218473 0.00010224866285750347 0.008325896687713065 0.6280964905349258 0.03587136206256656 0.0009876545219967415 0.27784252437736956
42 0.08714557862176608 0.0010733548084030273 0.035642692299853077 0.22172740925819112 0.1556315308702484 0.006185725825377145 0.49259371313150335
10 0.10860123812985431 2.98140843132525e-05 0.04234490228717321 0.18353925859915263 0.06360776721595456 0.006574617053469233 0.5953024058490399
10 0.08354766054389261 0.0007055232505967089 0.017656534268776506 0.1809934088141094 0.09394417922918157 0.003514872391813655 0.619637829277435
10 0.07615364107808595 0.00015823723222922243 0.021852750617015658 0.03548651285229195 0.09905272320441265 0.001519590916904037 0.765776551822857
48 0.06577073395797056 0.00011491106952579602 0.017054627836836447 0.01376253300046538 0.0956280817390868 0.0008223893566356474 0.8068467209826877
10 0.07231907815452833 0.0001798080169032921 0.023621802641339208 0.008043655510405765 0.08243820597719062 0.0016684941247448698 0.8117289475284842
42 0.060575419382343086 0.00013966769957323902 0.014645565338168963 0.02063233690544271 0.06237186933760586 0.0007282271560527908 0.8409069090773106
59 0.06968013736106227 0.00011500992929475943 0.01064704245372581 0.021419241740173244 0.0788965710467095 0.0008613151864077797 0.8183806850249381
36 0.08410852629542896 0.00018441848973266753 0.010625282938077674 0.024075536483925134 0.08001789429948289 0.0017288332707535974 0.7992595077260697
10 0.06100692054586889 0.00045853873864984293 0.007643830526172302 0.0376964887663147 0.09107405791576204 0.002668733853912882 0.7994514292201148
28 0.09999713329158354 0.0005816954201755168 0.03625124571260095 0.04852452064085484 0.07096607202647807 0.040050207467533676 0.7036291224894065
10 0.06070312128110049 8.775878466295268e-05 0.008956203066951949 0.04636932369507633 0.05273656604886624 0.0008973053552762722 0.8302497189533611
10 0.136637631528581 0.0003539499304543958 0.03196066799495428 0.2839984847677939 0.11659563291455853 0.007027710282690595 0.42342592045758376
10 0.06918401695224817 4.451110349074139e-05 0.0034648670560373297 0.5411991832017836 0.02005901687297075 0.0029282775206419687 0.3631201270192441
59 0.1081098579128141 3.660329363316837e-05 0.004480541159711769 0.16095111976926815 0.06008330101055115 0.0046978409148480445 0.6616407317054278
10 0.10705650091108604 3.9031509557282924e-05 0.03526463464430622 0.45690055978199695 0.08213574799663954 0.0037359903086433364 0.31486753049700944
28 0.08552430152581818 0.0004654418843623063 0.023434346261676817 0.48381160156253067 0.031451527633761134 0.005414332027699824 0.3698984381638496
42 0.03617475536753075 8.333115344629447e-06 0.004686610227038421 0.42141562811917976 0.016963744086607786 0.0014875873429401824 0.5192633540250076
59 0.09790790043317717 5.1025756452509424e-05 0.002806340671627981 0.019388261848826145 0.02939809953066368 0.0018848438040444332 0.8485635209214392
10 0.11357293499962708 0.00017302857461197368 0.0043715344309452195 0.14320256231511452 0.03658946939195586 0.002482572884428443 0.6996079040348546
48 0.1385708334855774 0.0001374629141513204 0.003518738725151441 0.06373399179143141 0.03365410591601174 0.0025942147548999434 0.7577906512032238
10 0.22516746099113966 0.0005011999595467108 0.004586450084883171 0.024780240471038207 0.059934487857977885 0.004075459958490586 0.6809546999825727
42 0.06801926449349463 0.00011031174618222512 0.001415798802471528 0.3094536497416377 0.015693731503838744 0.0018031913520040123 0.6035040572376663
10 0.14106926504963485 0.0005917795507799567 0.0037291525487892383 0.11501768243632322 0.03743559073228508 0.0030622362653720354 0.699094291345859
10 0.2190006590935232 0.0005243407877537224 0.006143391028190703 0.02298550299898334 0.06925426886648592 0.002578136440615101 0.6795136981685773
36 0.222312620072425 0.0002457007544920623 0.0045163881569807475 0.06880337994512244 0.04504196422572068 0.0020379466388158233 0.6570420001081131
28 0.17302642571971633 0.0005594637229499817 0.007160756301443633 0.08338814468233063 0.05869997784154398 0.0027415752020830443 0.6744236579573518
10 0.13326693208249452 0.000537348455004669 0.003079501732788812 0.08091205680630355 0.039570891491696285 0.0026625057215516586 0.7399707635434807
42 0.0836730642990508 1.896991269508854e-05 0.003770486259516699 0.07240871576354571 0.06298338303699672 0.0019100087332698933 0.7752353732243562
10 0.11087771206902723 3.570806321537471e-05 0.004072081179278311 0.07600875614791586 0.07166334366685467 0.0019275384000676356 0.7354148635611313
36 0.07391675299076529 1.2351743661032703e-05 0.0033850844055458894 0.1609539372504061 0.03815422406808926 0.0018033133150563473 0.721774339927974
10 0.12075216954278252 3.765780390767687e-05 0.005353613833124209 0.08296727503060419 0.072794331260465 0.0013823509544903182 0.7167126027409045
10 0.06644533592104306 8.76419944113037e-05 0.00386150242377981 0.24085952222926726 0.050332718089234486 0.0008490272261442052 0.6375642530186527
48 0.09420832423235508 4.364596567385227e-05 0.0046688414849838334 0.17663968315624845 0.05366660223936249 0.0012126929985483274 0.6695602119820954
10 0.059364147863532724 6.389932774961855e-05 0.003033827832891997 0.2802771438498973 0.036141224060624956 0.0007669085293021201 0.6203528458191748
59 0.08262676875080797 7.308398796274049e-05 0.004183622227430663 0.16250411149659832 0.04732375929351972 0.001141238042620587 0.7021474157748381
10 0.16682988212576594 0.00010377466840654062 0.005654280290922744 0.08543816255071093 0.07301244230991602 0.001534059790308936 0.6674274037521979
28 0.09591195944947661 5.306770103847967e-05 0.004431278495614039 0.2069978027265404 0.03407788975683486 0.0012453037253595215 0.6572827040767282
42 0.09548545287015055 0.0010590150712533207 0.010585141854964742 0.6232258383451071 0.052238857579308844 0.00880728357055465 0.20859841363564618
10 0.2166456605037127 0.002307747790637028 0.02881544471839842 0.0904461424342832 0.14814169729944415 0.023253618079680755 0.49038969114410463
10 0.18156941681483788 0.000450759021341143 0.023673646004503078 0.022031314452480168 0.15802386462364615 0.024032713083946382 0.5902182927678343
28 0.11985142853711762 0.000979119683424768 0.016612492303651784 0.5346239573350169 0.08610637585087066 0.01610484327183163 0.2257217847834462
36 0.19751895506005152 0.003449048865396761 0.019610515742699706 0.29744780420373795 0.17111616763060247 0.01197374360768974 0.29888376643545517
10 0.2574044716479189 0.001538089565201417 0.022788404208079968 0.050887833672063884 0.14432367282189584 0.011976519476420934 0.5110810115727756
10 0.2370666019827413 0.0001672048131794094 0.033959967507799574 0.013540174717023632 0.1787319134775939 0.007859413723388513 0.5286747277701105
10 0.2497090971931919 0.00011840379226163177 0.03909625125385075 0.01338461993398436 0.1519977432818051 0.008355800387332716 0.5373380820765796
59 0.2081506604258753 0.0010217204520862123 0.03900279776993309 0.22730418512067083 0.1821630800471652 0.007563358842550233 0.3347941982857909
48 0.1773015686065389 0.0008323546723883029 0.02518490605878453 0.31273005571181267 0.17744925794145208 0.013313798618457216 0.29318805566805517
10 0.22374863718121002 2.4888158712673188e-05 0.006978850988433668 0.0646280169747228 0.09984508858315166 0.0003343441433364615 0.6044401744807273
48 0.132391666400856 6.894371940667745e-05 0.007119099402301362 0.5314749433808915 0.054213037934710905 0.0008835662313065562 0.273848740906503
10 0.06197243330287921 0.00019650590489355977 0.033111591066329056 0.484803971017334 0.15816854766813188 0.0023818750804135394 0.2593650737986893
10 0.13962905563706554 3.536314583070188e-05 0.009971030172040216 0.20744105509120375 0.11510666726748871 0.0005307574861079164 0.5272860735632221
36 0.22426485737781685 1.5673133717731495e-05 0.008771178863900215 0.03666301715357352 0.1354604027021123 0.0003233858945254761 0.5945014901489238
59 0.17341700286879916 1.3108289083323721e-05 0.010159058924492934 0.038119743211715414 0.14066009144006328 0.0003195917734085171 0.6373114052006515
42 0.039402300234442855 8.419020624695836e-06 0.004074325701817101 0.7455661248312886 0.039752045705624295 0.000450780532287039 0.17074599969329984
10 0.17961678942353965 1.2670538269634017e-05 0.011265645376995273 0.028662243060244265 0.1317728328267932 0.0003968983942386134 0.6482729259497602
10 0.23687103225398273 1.712194143078184e-05 0.011677872990526897 0.029167405568270664 0.1398383711058092 0.0002232472230113935 0.5822049465264457
28 0.26822185120685804 2.3701026242948938e-05 0.013840576417547795 0.025088033157692285 0.12859196403754328 0.00026386624619923767 0.5639700091115682
10 0.10703647016277557 0.00038622436878948653 0.16731280656247358 0.038900145992551025 0.16888044902420465 0.012054113480311315 0.5054297962903005
59 0.06728989550766885 0.0027561783214346885 0.11774432743860873 0.07663338406773369 0.23720681987865386 0.010979302113743723 0.4873900948486492
10 0.06622624568306854 0.0009215901230353186 0.10355158237456552 0.015404992658853494 0.29576298723827366 0.009689110965336544 0.508443488409749
10 0.0777496149236148 0.0021708919488864736 0.11106587111926038 0.02549854081511906 0.2549522091794838 0.008907052495732691 0.5196558226360415
28 0.037639934203518306 0.002412238422801162 0.027567004129940655 0.6724176044008233 0.07044251580727463 0.010531793702970416 0.1789889064098334
36 0.06979177860455375 0.0075335997148127205 0.09985270704133727 0.2743086527079457 0.16606090242510566 0.0205118514207831 0.36194050578994463
42 0.09928456716998957 0.0074136179947959565 0.13272564542174584 0.16411582845515058 0.1974811359870305 0.04640228886031588 0.35257691854016426
10 0.10285888120716796 0.00614149005205649 0.11360585035858752 0.11156120799448804 0.21151593578375236 0.0655914033959697 0.3887252359597198
10 0.05770307478349164 0.004105899511347779 0.13443217653914677 0.09885544436753492 0.234499204448001 0.054998727113988406 0.4154054692306912
48 0.09101683758614046 0.0013749937476484565 0.18678111470557315 0.0180238712692748 0.27385455263221936 0.03807053332417743 0.39087809994256983
28 0.5656571384976998 0.0017123259502306257 0.004056255653705117 0.1981852621987679 0.01598554343501769 0.0010379439507969396 0.2133655260894526
59 0.19370263670765422 0.0017110512075255006 0.0014863074269543738 0.6677365978062593 0.008383468093593565 0.0005807819197076693 0.1263991619322556
10 0.3071189635344926 0.0028823327324971545 0.0030700917660186023 0.3521271032831018 0.012059078014973591 0.0006861633836458792 0.3220562701055086
10 0.16167701264257123 0.0010405508098686599 0.0018302698804181726 0.5872660938655189 0.008734952400547917 0.0007664587050548192 0.23868465644794679
42 0.031049425937498872 0.0004584915545219866 0.006351669896252638 0.6764955410333118 0.025913682353484346 0.005182572929982773 0.25454861447978
10 0.1219989614795734 0.0004471337353609535 0.016985117480249706 0.18828707657500587 0.09594516084161486 0.004506115260278112 0.5718304381568239
10 0.1310688352960712 0.0008130850277023086 0.014934288805466133 0.1177518219521772 0.14735233790266533 0.004212701727442732 0.5838669342476526
48 0.09592961842202839 0.000493196474047884 0.010184729792020538 0.04096051461986155 0.18908617855555396 0.004267232764299465 0.6590785297465738
10 0.010834319727997067 7.109840434690637e-05 0.003195623315485369 0.839752252018877 0.02089323992435385 0.0018704273692479734 0.12338303467688391
36 0.01056186734441855 2.177152495693477e-05 0.002279166573313555 0.8737776931235096 0.01984269451642038 0.0009991770701875597 0.09251763434070241
42 0.06001934423747596 6.827740867485119e-05 0.02552848458779203 0.0049617817055152055 0.2793311605140334 0.0029036802147550085 0.6271872772684165
10 0.060946948613706 3.32329322996386e-05 0.015024444660613754 0.003698272478350901 0.43507655468017753 0.0014527287515267416 0.4837678167586371
59 0.08525744372006348 2.611605155340603e-05 0.012645948320594439 0.004455166468051164 0.3296173501827475 0.0020806978213840335 0.565917282900761
48 0.07672413755949892 2.860141040062295e-05 0.01545794086143154 0.0037406231583825083 0.3817949953797545 0.0018058972676967817 0.5204477976392123
10 0.06014343806803539 2.8679590713902036e-05 0.014170487488077014 0.004133381132706536 0.3117832958574859 0.0017577789132344347 0.607982933089572
10 0.061588644740409856 1.4109535306991764e-05 0.012350362483411547 0.013674357067343546 0.3247289883859657 0.0015769367792116298 0.5860666034887576
10 0.04136759448174782 2.146590429681368e-05 0.013197954589902508 0.0106940077624387 0.28833988565075447 0.0015130821269118814 0.6448660090532762
36 0.04121491057547113 5.268453602014911e-05 0.007640155528809971 0.006937229952945902 0.19801652730501793 0.0014584981879108047 0.7446799863578173
28 0.05906013812789384 6.154492090540748e-05 0.010779232994145004 0.018427956308527674 0.24705152583679868 0.002412019611778665 0.6622075837388864
10 0.0429504316139411 1.994754334862838e-05 0.01556899935557745 0.009568788828133895 0.20827374218755057 0.004214142473860624 0.7194039459165907
42 0.11300872776669005 5.031341029225337e-05 0.014581796612031666 0.07787279398151167 0.1679327982838358 0.0013066789127191844 0.625246890888027
59 0.03042587537863637 1.3284854332625642e-05 0.008422770002931236 0.7257838025916342 0.06528320300532531 0.0021954271368754257 0.1678756393122251
48 0.06987521543050933 1.3186727776049068e-05 0.011921974638202291 0.3443909470634646 0.10699643140406348 0.002196033749582554 0.46460622438545407
10 0.08331703967748474 1.581009362226012e-05 0.01691364978269929 0.08672789926267335 0.15893579782745507 0.0020407344258301153 0.6520490698288712
36 0.057513498930393946 7.138788472520286e-06 0.012093645912626638 0.23910115005314925 0.1726916105895771 0.0008455235385737849 0.517747434034868
10 0.10673214586614668 3.199038078976921e-05 0.01831559048520206 0.19233614583970382 0.1497792609971619 0.007001423149179365 0.5258034472223462
10 0.019440583641167568 1.5425850809808608e-05 0.006653125676701328 0.8442311000597469 0.03592574178687472 0.002307701281885041 0.09142632541393443
28 0.08196893425319526 2.8618673557036812e-05 0.01024425462061205 0.2759595867201019 0.12100245889952932 0.0017287012880402935 0.5090674433002506
10 0.07762612272710967 2.4330016157548934e-05 0.009580757843131121 0.09941902200531869 0.08449646634589854 0.001587003248877562 0.7272662963928437
10 0.09890082037776504 2.729915928843808e-05 0.013391811186326758 0.06661587667195416 0.11218818041927112 0.0010804732724448124 0.707795535962436
